20.000,0.000
40.000,0.100
60.000,0.067
80.000,0.050
100.000,0.040
120.000,0.033
140.000,0.029
160.000,0.025
180.000,0.067
200.000,0.080
220.000,0.073
240.000,0.067
260.000,0.062
280.000,0.057
300.000,0.053
320.000,0.050
340.000,0.047
360.000,0.044
380.000,0.042
400.000,0.040
420.000,0.038
440.000,0.036
460.000,0.035
480.000,0.033
500.000,0.032
520.000,0.031
540.000,0.030
560.000,0.029
580.000,0.028
600.000,0.027
620.000,0.026
640.000,0.025
660.000,0.024
680.000,0.024
700.000,0.023
720.000,0.022
740.000,0.022
760.000,0.021
780.000,0.021
800.000,0.020
820.000,0.020
840.000,0.019
860.000,0.019
880.000,0.018
900.000,0.018
920.000,0.017
940.000,0.017
960.000,0.017
980.000,0.016
1000.000,0.016
1020.000,0.016
1040.000,0.015
1060.000,0.015
1080.000,0.015
1100.000,0.015
1120.000,0.014
1140.000,0.014
1160.000,0.014
1180.000,0.014
1200.000,0.013
1220.000,0.013
1240.000,0.013
1260.000,0.013
1280.000,0.016
1300.000,0.015
1320.000,0.015
1340.000,0.015
1360.000,0.015
1380.000,0.014
1400.000,0.014
1420.000,0.014
1440.000,0.014
1460.000,0.014
1480.000,0.014
1500.000,0.013
1520.000,0.013
1540.000,0.013
1560.000,0.013
1580.000,0.013
1600.000,0.012
1620.000,0.012
1640.000,0.012
1660.000,0.012
1680.000,0.012
1700.000,0.012
1720.000,0.012
1740.000,0.011
1760.000,0.011
1780.000,0.011
1800.000,0.011
1820.000,0.011
1840.000,0.012
1860.000,0.012
1880.000,0.014
1900.000,0.015
1920.000,0.015
1940.000,0.014
1960.000,0.014
1980.000,0.014
2000.000,0.014
2020.000,0.014
2040.000,0.012
2060.000,0.012
2080.000,0.013
2100.000,0.013
2120.000,0.013
2140.000,0.013
2160.000,0.013
2180.000,0.009
2200.000,0.007
2220.000,0.007
2240.000,0.007
2260.000,0.007
2280.000,0.007
2300.000,0.008
2320.000,0.010
2340.000,0.011
2360.000,0.011
2380.000,0.011
2400.000,0.012
2420.000,0.012
2440.000,0.012
2460.000,0.013
2480.000,0.013
2500.000,0.014
2520.000,0.014
2540.000,0.014
2560.000,0.014
2580.000,0.015
2600.000,0.016
2620.000,0.018
2640.000,0.021
2660.000,0.021
2680.000,0.021
2700.000,0.021
2720.000,0.021
2740.000,0.021
2760.000,0.021
2780.000,0.021
2800.000,0.021
2820.000,0.021
2840.000,0.021
2860.000,0.021
2880.000,0.021
2900.000,0.021
2920.000,0.021
2940.000,0.021
2960.000,0.021
2980.000,0.021
3000.000,0.021
3020.000,0.021
3040.000,0.021
3060.000,0.021
3080.000,0.021
3100.000,0.021
3120.000,0.021
3140.000,0.021
3160.000,0.021
3180.000,0.021
3200.000,0.021
3220.000,0.021
3240.000,0.021
3260.000,0.021
3280.000,0.019
3300.000,0.019
3320.000,0.019
3340.000,0.019
3360.000,0.019
3380.000,0.019
3400.000,0.019
3420.000,0.019
3440.000,0.019
3460.000,0.019
3480.000,0.019
3500.000,0.019
3520.000,0.019
3540.000,0.019
3560.000,0.019
3580.000,0.019
3600.000,0.019
3620.000,0.019
3640.000,0.019
3660.000,0.019
