20.000,0.000
40.000,0.000
60.000,0.000
80.000,0.000
100.000,0.000
120.000,0.000
140.000,0.000
160.000,0.000
180.000,0.000
200.000,0.000
220.000,0.000
240.000,0.000
260.000,0.000
280.000,0.000
300.000,0.000
320.000,0.000
340.000,0.000
360.000,0.000
380.000,0.000
400.000,0.000
420.000,0.000
440.000,0.000
460.000,0.000
480.000,0.375
500.000,0.360
520.000,0.346
540.000,0.333
560.000,0.321
580.000,0.310
600.000,0.300
620.000,0.290
640.000,0.281
660.000,0.273
680.000,0.265
700.000,0.257
720.000,0.250
740.000,0.243
760.000,0.237
780.000,0.231
800.000,0.225
820.000,0.220
840.000,0.214
860.000,0.209
880.000,0.205
900.000,0.200
920.000,0.196
940.000,0.191
960.000,0.188
980.000,0.184
1000.000,0.180
1020.000,0.176
1040.000,0.173
1060.000,0.170
1080.000,0.167
1100.000,0.164
1120.000,0.161
1140.000,0.158
1160.000,0.155
1180.000,0.153
1200.000,0.150
1220.000,0.148
1240.000,0.145
1260.000,0.143
1280.000,0.141
1300.000,0.138
1320.000,0.136
1340.000,0.134
1360.000,0.132
1380.000,0.130
1400.000,0.129
1420.000,0.127
1440.000,0.125
1460.000,0.123
1480.000,0.122
1500.000,0.120
1520.000,0.118
1540.000,0.117
1560.000,0.115
1580.000,0.114
1600.000,0.113
1620.000,0.111
1640.000,0.110
1660.000,0.108
1680.000,0.107
1700.000,0.106
1720.000,0.105
1740.000,0.103
1760.000,0.102
1780.000,0.101
1800.000,0.100
1820.000,0.099
1840.000,0.098
1860.000,0.097
1880.000,0.096
1900.000,0.095
1920.000,0.094
1940.000,0.093
1960.000,0.092
1980.000,0.091
2000.000,0.090
2020.000,0.090
2040.000,0.090
2060.000,0.090
2080.000,0.090
2100.000,0.090
2120.000,0.090
2140.000,0.090
2160.000,0.090
2180.000,0.090
2200.000,0.090
2220.000,0.090
2240.000,0.090
2260.000,0.090
2280.000,0.090
2300.000,0.090
2320.000,0.090
2340.000,0.090
2360.000,0.090
2380.000,0.090
2400.000,0.090
2420.000,0.090
2440.000,0.090
2460.000,0.090
2480.000,0.000
2500.000,0.000
2520.000,0.000
2540.000,0.000
2560.000,0.000
2580.000,0.000
2600.000,0.000
2620.000,0.000
2640.000,0.000
2660.000,0.000
2680.000,0.000
2700.000,0.000
2720.000,0.000
2740.000,0.000
2760.000,0.000
2780.000,0.000
2800.000,0.000
2820.000,0.000
2840.000,0.000
2860.000,0.000
2880.000,0.000
2900.000,0.000
2920.000,0.000
2940.000,0.000
2960.000,0.000
2980.000,0.000
3000.000,0.000
3020.000,0.000
3040.000,0.000
3060.000,0.000
3080.000,0.000
3100.000,0.000
3120.000,0.000
3140.000,0.000
3160.000,0.000
3180.000,0.000
3200.000,0.000
3220.000,0.000
3240.000,0.000
3260.000,0.000
3280.000,0.000
3300.000,0.000
3320.000,0.000
3340.000,0.000
3360.000,0.000
3380.000,0.000
3400.000,0.000
3420.000,0.000
3440.000,0.000
3460.000,0.000
3480.000,0.000
3500.000,0.000
3520.000,0.000
3540.000,0.000
3560.000,0.000
3580.000,0.000
3600.000,0.000
3620.000,0.000
3640.000,0.000
3660.000,0.000
3680.000,0.000
3700.000,0.000
3720.000,0.000
3740.000,0.000
3760.000,0.000
3780.000,0.000
3800.000,0.000
3820.000,0.000
3840.000,0.000
3860.000,0.000
3880.000,0.000
3900.000,0.000
3920.000,0.000
3940.000,0.000
3960.000,0.000
3980.000,0.000
4000.000,0.000
4020.000,0.000
4040.000,0.000
4060.000,0.000
4080.000,0.000
4100.000,0.000
4120.000,0.000
4140.000,0.000
4160.000,0.000
4180.000,0.000
4200.000,0.000
4220.000,0.000
4240.000,0.000
4260.000,0.000
4280.000,0.000
4300.000,0.000
4320.000,0.000
4340.000,0.000
4360.000,0.000
4380.000,0.000
4400.000,0.000
4420.000,0.000
4440.000,0.000
4460.000,0.000
4480.000,0.000
4500.000,0.000
4520.000,0.000
4540.000,0.000
4560.000,0.000
4580.000,0.000
4600.000,0.000
4620.000,0.000
4640.000,0.000
4660.000,0.000
4680.000,0.000
4700.000,0.000
4720.000,0.000
4740.000,0.000
4760.000,0.000
4780.000,0.000
4800.000,0.000
4820.000,0.000
4840.000,0.000
4860.000,0.000
4880.000,0.000
4900.000,0.000
4920.000,0.000
4940.000,0.000
4960.000,0.000
4980.000,0.000
5000.000,0.000
5020.000,0.000
5040.000,0.000
5060.000,0.000
5080.000,0.000
5100.000,0.000
5120.000,0.000
5140.000,0.000
5160.000,0.000
5180.000,0.000
5200.000,0.000
5220.000,0.000
5240.000,0.000
5260.000,0.000
5280.000,0.000
5300.000,0.000
5320.000,0.000
5340.000,0.000
5360.000,0.000
5380.000,0.000
5400.000,0.000
5420.000,0.000
5440.000,0.000
5460.000,0.000
5480.000,0.000
5500.000,0.000
5520.000,0.000
5540.000,0.000
5560.000,0.000
5580.000,0.000
5600.000,0.000
5620.000,0.000
5640.000,0.000
5660.000,0.000
5680.000,0.000
5700.000,0.000
5720.000,0.000
5740.000,0.000
5760.000,0.000
5780.000,0.000
5800.000,0.000
5820.000,0.000
5840.000,0.000
5860.000,0.000
5880.000,0.000
5900.000,0.000
5920.000,0.000
5940.000,0.000
5960.000,0.000
5980.000,0.000
6000.000,0.000
6020.000,0.000
6040.000,0.000
6060.000,0.000
6080.000,0.000
6100.000,0.000
6120.000,0.000
6140.000,0.000
6160.000,0.000
6180.000,0.000
6200.000,0.000
6220.000,0.000
6240.000,0.000
6260.000,0.000
6280.000,0.000
6300.000,0.000
6320.000,0.000
6340.000,0.000
6360.000,0.000
6380.000,0.000
6400.000,0.000
6420.000,0.000
6440.000,0.000
6460.000,0.000
6480.000,0.000
6500.000,0.000
6520.000,0.000
6540.000,0.000
6560.000,0.000
6580.000,0.000
6600.000,0.000
6620.000,0.000
6640.000,0.000
6660.000,0.000
6680.000,0.000
6700.000,0.000
6720.000,0.000
6740.000,0.000
6760.000,0.000
6780.000,0.000
6800.000,0.000
6820.000,0.000
6840.000,0.000
6860.000,0.000
6880.000,0.000
6900.000,0.000
6920.000,0.000
6940.000,0.000
6960.000,0.000
6980.000,0.000
7000.000,0.000
7020.000,0.000
7040.000,0.000
7060.000,0.000
7080.000,0.000
7100.000,0.000
7120.000,0.000
7140.000,0.000
7160.000,0.000
7180.000,0.000
7200.000,0.000
7220.000,0.000
7240.000,0.000
7260.000,0.000
7280.000,0.000
7300.000,0.000
7320.000,0.000
7340.000,0.000
7360.000,0.000
7380.000,0.000
7400.000,0.000
7420.000,0.000
7440.000,0.000
7460.000,0.000
7480.000,0.000
7500.000,0.000
7520.000,0.000
7540.000,0.000
7560.000,0.000
7580.000,0.000
7600.000,0.000
7620.000,0.000
7640.000,0.000
7660.000,0.000
7680.000,0.000
7700.000,0.000
7720.000,0.000
7740.000,0.000
7760.000,0.000
7780.000,0.000
7800.000,0.000
7820.000,0.000
7840.000,0.000
7860.000,0.000
7880.000,0.000
7900.000,0.000
7920.000,0.000
7940.000,0.000
7960.000,0.000
7980.000,0.000
8000.000,0.000
8020.000,0.000
8040.000,0.000
8060.000,0.000
8080.000,0.000
8100.000,0.000
8120.000,0.090
8140.000,0.180
8160.000,0.270
8180.000,0.360
8200.000,0.450
8220.000,0.540
8240.000,0.630
8260.000,0.720
8280.000,0.810
8300.000,0.900
8320.000,0.900
8340.000,0.900
8360.000,0.900
8380.000,0.900
8400.000,0.900
8420.000,0.900
8440.000,0.900
8460.000,0.900
8480.000,0.900
8500.000,0.900
8520.000,0.900
8540.000,0.900
8560.000,0.900
8580.000,0.900
8600.000,0.900
8620.000,0.900
8640.000,0.900
8660.000,0.900
8680.000,0.900
8700.000,0.900
8720.000,0.900
8740.000,0.900
8760.000,0.900
8780.000,0.900
8800.000,0.900
8820.000,0.900
8840.000,0.900
8860.000,0.900
8880.000,0.900
8900.000,0.900
8920.000,0.900
8940.000,0.900
8960.000,0.900
8980.000,0.990
9000.000,1.080
9020.000,1.170
9040.000,1.260
9060.000,1.350
9080.000,1.440
9100.000,1.530
9120.000,1.620
9140.000,1.620
9160.000,1.620
9180.000,1.620
9200.000,1.620
9220.000,1.620
9240.000,1.620
9260.000,1.620
9280.000,1.620
9300.000,1.620
9320.000,1.620
9340.000,1.620
9360.000,1.620
9380.000,1.620
9400.000,1.620
9420.000,1.620
9440.000,1.620
9460.000,1.620
9480.000,1.620
9500.000,1.710
9520.000,1.800
9540.000,1.890
9560.000,1.980
9580.000,2.070
9600.000,2.160
9620.000,2.250
9640.000,2.340
9660.000,2.430
9680.000,2.520
9700.000,2.610
9720.000,2.700
9740.000,2.790
9760.000,2.880
9780.000,2.970
9800.000,3.060
9820.000,3.150
9840.000,3.240
9860.000,3.330
9880.000,3.420
9900.000,3.510
9920.000,3.600
9940.000,3.690
9960.000,3.780
9980.000,3.870
10000.000,3.960
10020.000,4.050
10040.000,4.140
10060.000,4.230
10080.000,4.320
10100.000,4.410
10120.000,4.410
10140.000,4.410
10160.000,4.410
10180.000,4.410
10200.000,4.410
10220.000,4.410
10240.000,4.410
10260.000,4.410
10280.000,4.410
10300.000,4.410
10320.000,4.500
10340.000,4.590
10360.000,4.680
10380.000,4.770
10400.000,4.860
10420.000,4.950
10440.000,5.040
10460.000,5.130
10480.000,5.220
10500.000,5.310
10520.000,5.400
10540.000,5.490
10560.000,5.580
10580.000,5.670
10600.000,5.760
10620.000,5.850
10640.000,5.940
10660.000,6.030
10680.000,6.120
10700.000,6.210
10720.000,6.210
10740.000,6.210
10760.000,6.210
10780.000,6.210
10800.000,6.210
10820.000,6.210
10840.000,6.210
10860.000,6.300
10880.000,6.390
10900.000,6.480
10920.000,6.570
10940.000,6.660
10960.000,6.750
10980.000,6.750
11000.000,6.750
11020.000,6.750
11040.000,6.750
11060.000,6.750
11080.000,6.750
11100.000,6.750
11120.000,6.750
11140.000,6.840
11160.000,6.930
11180.000,7.020
11200.000,7.110
11220.000,7.200
11240.000,7.290
11260.000,7.380
11280.000,7.470
11300.000,7.560
11320.000,7.650
11340.000,7.740
11360.000,7.830
11380.000,7.920
11400.000,8.010
11420.000,8.100
11440.000,8.190
11460.000,8.280
11480.000,8.370
11500.000,8.370
11520.000,8.370
11540.000,8.370
11560.000,8.370
11580.000,8.370
11600.000,8.370
11620.000,8.370
11640.000,8.370
11660.000,8.370
11680.000,8.370
11700.000,8.370
11720.000,8.370
11740.000,8.370
11760.000,8.370
11780.000,8.370
11800.000,8.370
11820.000,8.370
11840.000,8.370
11860.000,8.370
11880.000,8.370
11900.000,8.370
11920.000,8.370
11940.000,8.370
11960.000,8.370
11980.000,8.370
12000.000,8.370
12020.000,8.370
12040.000,8.370
12060.000,8.370
12080.000,8.370
12100.000,8.370
12120.000,8.370
12140.000,8.370
12160.000,8.370
12180.000,8.370
12200.000,8.370
12220.000,8.370
12240.000,8.370
12260.000,8.370
12280.000,8.370
12300.000,8.370
12320.000,8.370
12340.000,8.370
12360.000,8.370
12380.000,8.370
12400.000,8.370
12420.000,8.370
12440.000,8.370
12460.000,8.370
12480.000,8.370
12500.000,8.370
12520.000,8.370
12540.000,8.370
12560.000,8.370
12580.000,8.370
12600.000,8.370
12620.000,8.370
12640.000,8.370
12660.000,8.370
12680.000,8.370
12700.000,8.370
12720.000,8.460
12740.000,8.550
12760.000,8.640
12780.000,8.730
12800.000,8.820
12820.000,8.910
12840.000,9.000
12860.000,9.000
12880.000,9.000
12900.000,9.000
12920.000,9.000
12940.000,9.000
12960.000,9.000
12980.000,9.000
13000.000,9.000
13020.000,9.000
13040.000,9.000
13060.000,9.000
13080.000,9.000
13100.000,9.000
13120.000,9.000
13140.000,9.000
13160.000,9.000
13180.000,9.000
13200.000,9.000
13220.000,9.000
13240.000,9.000
13260.000,9.000
13280.000,9.000
13300.000,9.000
13320.000,9.000
13340.000,9.000
13360.000,9.000
13380.000,9.000
13400.000,9.000
13420.000,9.000
13440.000,9.000
13460.000,9.000
13480.000,9.000
13500.000,9.000
13520.000,9.000
13540.000,9.000
13560.000,9.000
13580.000,9.000
13600.000,9.000
13620.000,9.000
13640.000,9.000
13660.000,9.000
13680.000,9.000
13700.000,9.000
13720.000,9.000
13740.000,9.000
13760.000,9.000
13780.000,9.000
13800.000,9.000
13820.000,9.000
13840.000,9.000
13860.000,9.000
13880.000,9.000
13900.000,9.000
13920.000,9.000
13940.000,9.000
13960.000,9.000
13980.000,9.000
14000.000,9.000
14020.000,9.000
14040.000,9.000
14060.000,9.000
14080.000,9.000
14100.000,8.910
14120.000,8.820
14140.000,8.730
14160.000,8.640
14180.000,8.550
14200.000,8.460
14220.000,8.370
14240.000,8.280
14260.000,8.280
14280.000,8.280
14300.000,8.280
14320.000,8.280
14340.000,8.280
14360.000,8.280
14380.000,8.280
14400.000,8.280
14420.000,8.280
14440.000,8.280
14460.000,8.280
14480.000,8.280
14500.000,8.280
14520.000,8.280
14540.000,8.280
14560.000,8.280
14580.000,8.280
14600.000,8.280
14620.000,8.280
14640.000,8.280
14660.000,8.280
14680.000,8.280
14700.000,8.280
14720.000,8.280
14740.000,8.280
14760.000,8.280
14780.000,8.280
14800.000,8.280
14820.000,8.280
14840.000,8.280
14860.000,8.280
14880.000,8.280
14900.000,8.280
14920.000,8.280
14940.000,8.280
14960.000,8.280
14980.000,8.280
15000.000,8.280
15020.000,8.280
15040.000,8.280
15060.000,8.280
15080.000,8.280
15100.000,8.280
15120.000,8.280
15140.000,8.280
15160.000,8.280
15180.000,8.280
15200.000,8.280
15220.000,8.280
15240.000,8.280
15260.000,8.280
15280.000,8.280
15300.000,8.280
15320.000,8.280
15340.000,8.280
15360.000,8.280
15380.000,8.280
15400.000,8.280
15420.000,8.280
15440.000,8.280
15460.000,8.280
15480.000,8.280
15500.000,8.280
15520.000,8.280
15540.000,8.280
15560.000,8.280
15580.000,8.280
15600.000,8.280
15620.000,8.280
15640.000,8.280
15660.000,8.280
15680.000,8.280
15700.000,8.280
15720.000,8.280
15740.000,8.280
15760.000,8.280
15780.000,8.280
15800.000,8.280
15820.000,8.280
15840.000,8.280
15860.000,8.280
15880.000,8.280
15900.000,8.280
15920.000,8.280
15940.000,8.280
15960.000,8.280
15980.000,8.280
16000.000,8.280
16020.000,8.280
16040.000,8.280
16060.000,8.280
16080.000,8.280
16100.000,8.370
16120.000,8.460
16140.000,8.550
16160.000,8.640
16180.000,8.730
16200.000,8.820
16220.000,8.910
16240.000,9.000
16260.000,9.000
16280.000,9.000
16300.000,9.000
16320.000,9.000
16340.000,9.000
16360.000,9.000
16380.000,9.000
16400.000,9.000
16420.000,9.000
16440.000,9.000
16460.000,9.000
16480.000,9.000
16500.000,9.000
16520.000,9.000
16540.000,9.000
16560.000,9.000
16580.000,9.000
16600.000,9.000
16620.000,9.000
16640.000,9.000
16660.000,9.000
16680.000,9.000
16700.000,9.000
16720.000,9.000
16740.000,9.000
16760.000,9.000
16780.000,9.000
16800.000,9.000
16820.000,9.000
16840.000,9.000
16860.000,9.000
16880.000,9.000
16900.000,9.000
16920.000,9.000
16940.000,9.000
16960.000,9.000
16980.000,9.000
17000.000,9.000
17020.000,9.000
17040.000,9.000
17060.000,9.000
17080.000,9.000
17100.000,9.000
17120.000,9.000
17140.000,9.000
17160.000,9.000
17180.000,9.000
17200.000,9.000
17220.000,9.000
17240.000,9.000
17260.000,9.000
17280.000,9.000
17300.000,9.000
17320.000,9.000
17340.000,9.000
17360.000,9.000
17380.000,9.000
17400.000,9.000
17420.000,9.000
17440.000,9.000
17460.000,9.000
17480.000,9.000
17500.000,9.000
17520.000,9.000
17540.000,9.000
17560.000,9.000
17580.000,9.000
17600.000,9.000
17620.000,9.000
17640.000,9.000
17660.000,9.000
17680.000,9.000
17700.000,9.000
17720.000,9.000
17740.000,9.000
17760.000,9.000
17780.000,9.000
17800.000,9.000
17820.000,9.000
17840.000,9.000
17860.000,9.000
17880.000,9.000
17900.000,9.000
17920.000,9.000
17940.000,9.000
17960.000,9.000
17980.000,9.000
18000.000,9.000
18020.000,9.000
18040.000,9.000
18060.000,9.000
18080.000,9.000
18100.000,9.000
18120.000,9.000
18140.000,9.000
18160.000,9.000
18180.000,9.000
18200.000,9.000
18220.000,9.000
18240.000,9.000
18260.000,9.000
18280.000,9.000
18300.000,9.000
18320.000,9.000
18340.000,9.000
18360.000,9.000
18380.000,9.000
18400.000,9.000
18420.000,9.000
18440.000,9.000
18460.000,9.000
18480.000,9.000
18500.000,9.000
18520.000,9.000
18540.000,9.000
18560.000,9.000
18580.000,9.000
18600.000,9.000
18620.000,9.000
18640.000,9.000
18660.000,9.000
18680.000,9.000
18700.000,9.000
18720.000,9.000
18740.000,9.000
18760.000,9.000
18780.000,9.000
18800.000,9.000
18820.000,9.000
18840.000,9.000
18860.000,9.000
18880.000,9.000
18900.000,9.000
18920.000,9.000
18940.000,9.000
18960.000,9.000
18980.000,9.000
19000.000,9.000
19020.000,9.000
19040.000,9.000
19060.000,9.000
19080.000,9.000
19100.000,9.000
19120.000,9.000
19140.000,9.000
19160.000,9.000
19180.000,9.000
19200.000,9.000
19220.000,9.000
19240.000,9.000
19260.000,9.000
19280.000,9.000
19300.000,9.000
19320.000,9.000
19340.000,9.000
19360.000,9.000
19380.000,9.000
19400.000,9.000
19420.000,9.000
19440.000,9.000
19460.000,9.000
19480.000,9.000
19500.000,9.000
19520.000,9.000
19540.000,9.000
19560.000,9.000
19580.000,9.000
19600.000,9.000
19620.000,9.000
19640.000,9.000
19660.000,9.000
19680.000,9.000
19700.000,9.000
19720.000,9.000
19740.000,9.000
19760.000,9.000
19780.000,9.000
19800.000,9.000
19820.000,9.000
19840.000,9.000
19860.000,9.000
19880.000,9.000
19900.000,9.000
19920.000,9.000
19940.000,9.000
19960.000,9.000
19980.000,9.000
20000.000,9.000
20020.000,9.000
20040.000,9.000
20060.000,9.000
20080.000,9.000
20100.000,9.000
20120.000,9.000
20140.000,9.000
20160.000,9.000
20180.000,9.000
20200.000,9.000
20220.000,9.000
20240.000,9.000
20260.000,9.000
20280.000,9.000
20300.000,9.000
20320.000,9.000
20340.000,9.000
20360.000,9.000
20380.000,9.000
20400.000,9.000
20420.000,9.000
20440.000,9.000
20460.000,9.000
20480.000,9.000
20500.000,9.000
20520.000,9.000
20540.000,9.000
20560.000,9.000
20580.000,9.000
20600.000,9.000
20620.000,9.000
20640.000,9.000
20660.000,9.000
20680.000,9.000
20700.000,9.000
20720.000,9.000
20740.000,9.000
20760.000,9.000
20780.000,9.000
20800.000,9.000
20820.000,9.000
20840.000,9.000
20860.000,9.000
20880.000,9.000
20900.000,9.000
20920.000,9.000
20940.000,9.000
20960.000,9.000
20980.000,9.000
21000.000,9.000
21020.000,9.000
21040.000,9.000
21060.000,9.000
21080.000,9.000
21100.000,9.000
21120.000,9.000
21140.000,9.000
21160.000,9.000
21180.000,9.000
21200.000,9.000
21220.000,9.000
21240.000,9.000
21260.000,9.000
21280.000,9.000
21300.000,9.000
21320.000,9.000
21340.000,9.000
21360.000,9.000
21380.000,9.000
21400.000,9.000
21420.000,9.000
21440.000,9.000
21460.000,9.000
21480.000,9.000
21500.000,9.000
21520.000,9.000
21540.000,9.000
21560.000,9.000
21580.000,9.000
21600.000,9.000
21620.000,9.000
21640.000,9.000
21660.000,9.000
21680.000,9.000
21700.000,9.000
21720.000,9.000
21740.000,9.000
21760.000,9.000
21780.000,9.000
21800.000,9.000
21820.000,9.000
21840.000,9.000
21860.000,9.000
21880.000,9.000
21900.000,9.000
21920.000,9.000
21940.000,9.000
21960.000,9.000
21980.000,9.000
22000.000,9.000
22020.000,9.000
22040.000,9.000
22060.000,9.000
22080.000,9.000
22100.000,9.000
22120.000,9.000
22140.000,9.000
22160.000,9.000
22180.000,9.000
22200.000,9.000
22220.000,9.000
22240.000,9.000
22260.000,9.000
22280.000,9.000
22300.000,9.000
22320.000,9.000
22340.000,9.000
22360.000,9.000
22380.000,9.000
22400.000,9.000
22420.000,9.000
22440.000,9.000
22460.000,9.000
22480.000,9.000
22500.000,9.000
22520.000,9.000
22540.000,9.000
22560.000,9.000
22580.000,9.000
22600.000,9.000
22620.000,9.000
22640.000,9.000
22660.000,9.000
22680.000,9.000
22700.000,9.000
22720.000,9.000
22740.000,9.000
22760.000,9.000
22780.000,9.000
22800.000,9.000
22820.000,9.000
22840.000,9.000
22860.000,9.000
22880.000,9.000
22900.000,9.000
22920.000,9.000
22940.000,9.000
22960.000,9.000
22980.000,9.000
23000.000,9.000
23020.000,9.000
23040.000,9.000
23060.000,9.000
23080.000,9.000
23100.000,9.000
23120.000,9.000
23140.000,9.000
23160.000,9.000
23180.000,9.000
23200.000,9.000
23220.000,9.000
23240.000,9.000
23260.000,9.000
23280.000,9.000
23300.000,9.000
23320.000,9.000
23340.000,9.000
23360.000,9.000
23380.000,9.000
23400.000,9.000
23420.000,9.000
23440.000,9.000
23460.000,9.000
23480.000,9.000
23500.000,9.000
23520.000,9.000
23540.000,9.000
23560.000,9.000
23580.000,9.000
23600.000,9.000
23620.000,9.000
23640.000,9.000
23660.000,9.000
23680.000,9.000
23700.000,9.000
23720.000,9.000
23740.000,9.000
23760.000,9.000
23780.000,9.000
23800.000,9.000
23820.000,9.000
23840.000,9.000
23860.000,9.000
23880.000,9.000
23900.000,9.000
23920.000,9.000
23940.000,9.000
23960.000,9.000
23980.000,9.000
24000.000,9.000
24020.000,9.000
24040.000,9.000
24060.000,9.000
24080.000,9.000
24100.000,9.000
24120.000,9.000
24140.000,9.000
24160.000,9.000
24180.000,9.000
24200.000,9.000
24220.000,9.000
24240.000,9.000
24260.000,9.000
24280.000,9.000
24300.000,9.000
24320.000,9.000
24340.000,9.000
24360.000,9.000
24380.000,9.000
24400.000,9.000
24420.000,9.000
24440.000,9.000
24460.000,9.000
24480.000,9.000
24500.000,9.000
24520.000,9.000
24540.000,9.000
24560.000,9.000
24580.000,9.000
24600.000,9.000
24620.000,9.000
24640.000,9.000
24660.000,9.000
24680.000,9.000
24700.000,9.000
24720.000,9.000
24740.000,9.000
24760.000,9.000
24780.000,9.000
24800.000,9.000
24820.000,9.000
24840.000,9.000
24860.000,9.000
24880.000,9.000
24900.000,9.000
24920.000,9.000
24940.000,9.000
24960.000,9.000
24980.000,9.000
25000.000,9.000
25020.000,9.000
25040.000,9.000
25060.000,9.000
25080.000,9.000
25100.000,9.000
25120.000,9.000
25140.000,9.000
25160.000,9.000
25180.000,9.000
25200.000,9.000
25220.000,9.000
25240.000,9.000
25260.000,9.000
25280.000,9.000
25300.000,9.000
25320.000,9.000
25340.000,9.000
25360.000,9.000
25380.000,9.000
25400.000,9.000
25420.000,9.000
25440.000,9.000
25460.000,9.000
25480.000,9.000
25500.000,9.000
25520.000,9.000
25540.000,9.000
25560.000,9.000
25580.000,9.000
25600.000,9.000
25620.000,9.000
25640.000,9.000
25660.000,9.000
25680.000,9.000
25700.000,9.000
25720.000,9.000
25740.000,9.000
25760.000,9.000
25780.000,9.000
25800.000,9.000
25820.000,9.000
25840.000,9.000
25860.000,9.000
25880.000,9.000
25900.000,9.000
25920.000,9.000
25940.000,9.000
25960.000,9.000
25980.000,9.000
26000.000,9.000
26020.000,9.000
26040.000,9.000
26060.000,9.000
26080.000,9.000
26100.000,9.000
26120.000,9.000
26140.000,9.000
26160.000,9.000
26180.000,9.000
26200.000,9.000
26220.000,9.000
26240.000,9.000
26260.000,9.000
26280.000,9.000
26300.000,9.000
26320.000,9.000
26340.000,9.000
26360.000,9.000
26380.000,9.000
26400.000,9.000
26420.000,9.000
26440.000,9.000
26460.000,9.000
26480.000,9.000
26500.000,9.000
26520.000,9.000
26540.000,9.000
26560.000,9.000
26580.000,9.000
26600.000,9.000
26620.000,9.000
26640.000,9.000
26660.000,9.000
26680.000,9.000
26700.000,9.000
26720.000,9.000
26740.000,9.000
26760.000,9.000
26780.000,9.000
26800.000,9.000
26820.000,9.000
26840.000,9.000
26860.000,9.000
26880.000,9.000
26900.000,9.000
26920.000,9.000
26940.000,9.000
26960.000,9.000
26980.000,9.000
27000.000,9.000
27020.000,9.000
27040.000,9.000
27060.000,9.000
27080.000,9.000
27100.000,9.000
27120.000,9.000
27140.000,9.000
27160.000,9.000
27180.000,9.000
27200.000,9.000
27220.000,9.000
27240.000,9.000
27260.000,9.000
27280.000,9.000
27300.000,9.000
27320.000,9.000
27340.000,9.000
27360.000,9.000
27380.000,9.000
27400.000,9.000
27420.000,9.000
27440.000,9.000
27460.000,9.000
27480.000,9.000
27500.000,9.000
27520.000,9.000
27540.000,9.000
27560.000,9.000
27580.000,9.000
27600.000,9.000
27620.000,9.000
27640.000,9.000
27660.000,9.000
27680.000,9.000
27700.000,9.000
27720.000,9.000
27740.000,9.000
27760.000,9.000
27780.000,9.000
27800.000,9.000
27820.000,9.000
27840.000,9.000
27860.000,9.000
27880.000,9.000
27900.000,9.000
27920.000,9.000
27940.000,9.000
27960.000,9.000
27980.000,9.000
28000.000,9.000
28020.000,9.000
28040.000,9.000
28060.000,9.000
28080.000,9.000
28100.000,9.000
28120.000,9.000
28140.000,9.000
28160.000,9.000
28180.000,9.000
28200.000,9.000
28220.000,9.000
28240.000,9.000
28260.000,9.000
28280.000,9.000
28300.000,9.000
28320.000,9.000
28340.000,9.000
28360.000,9.000
28380.000,9.000
28400.000,9.000
28420.000,9.000
28440.000,9.000
28460.000,9.000
28480.000,9.000
28500.000,9.000
28520.000,9.000
28540.000,9.000
28560.000,9.000
28580.000,9.000
28600.000,9.000
