20.000,0.000
40.000,0.000
60.000,0.000
80.000,0.000
100.000,0.000
120.000,0.000
140.000,0.000
160.000,0.000
180.000,0.000
200.000,0.000
220.000,0.000
240.000,0.000
260.000,0.000
280.000,0.000
300.000,0.000
320.000,0.000
340.000,0.000
360.000,0.000
380.000,0.000
400.000,0.000
420.000,0.000
440.000,0.000
460.000,0.000
480.000,0.000
500.000,0.000
520.000,0.000
540.000,0.000
560.000,0.000
580.000,0.000
600.000,0.000
620.000,0.000
640.000,0.000
660.000,0.000
680.000,0.000
700.000,0.000
720.000,0.000
740.000,0.000
760.000,0.000
780.000,0.000
800.000,0.000
820.000,0.000
840.000,0.000
860.000,0.000
880.000,0.000
900.000,0.000
920.000,0.000
940.000,0.000
960.000,0.000
980.000,0.000
1000.000,0.000
1020.000,0.000
1040.000,0.000
1060.000,0.000
1080.000,0.000
1100.000,0.000
1120.000,0.000
1140.000,0.000
1160.000,0.000
1180.000,0.000
1200.000,0.000
1220.000,0.000
1240.000,0.000
1260.000,0.000
1280.000,0.000
1300.000,0.000
1320.000,0.000
1340.000,0.000
1360.000,0.000
1380.000,0.000
1400.000,0.000
1420.000,0.000
1440.000,0.000
1460.000,0.000
1480.000,0.000
1500.000,0.000
1520.000,0.000
1540.000,0.000
1560.000,0.000
1580.000,0.000
1600.000,0.000
1620.000,0.000
1640.000,0.000
1660.000,0.000
1680.000,0.000
1700.000,0.000
1720.000,0.000
1740.000,0.000
1760.000,0.000
1780.000,0.000
1800.000,0.000
1820.000,0.000
1840.000,0.000
1860.000,0.000
1880.000,0.000
1900.000,0.000
1920.000,0.000
1940.000,0.000
1960.000,0.000
1980.000,0.000
2000.000,0.000
2020.000,0.000
2040.000,0.000
2060.000,0.000
2080.000,0.000
2100.000,0.000
2120.000,0.000
2140.000,0.000
2160.000,0.000
2180.000,0.000
2200.000,0.000
2220.000,0.000
2240.000,0.000
2260.000,0.000
2280.000,0.000
2300.000,0.000
2320.000,0.000
2340.000,0.000
2360.000,0.000
2380.000,0.000
2400.000,0.000
2420.000,0.000
2440.000,0.000
2460.000,0.000
2480.000,0.000
2500.000,0.000
2520.000,0.000
2540.000,0.000
2560.000,0.000
2580.000,0.000
2600.000,0.000
2620.000,0.000
2640.000,0.000
2660.000,0.000
2680.000,0.000
2700.000,0.000
2720.000,0.000
2740.000,0.000
2760.000,0.000
2780.000,0.000
2800.000,0.000
2820.000,0.000
2840.000,0.000
2860.000,0.000
2880.000,0.000
2900.000,0.000
2920.000,0.000
2940.000,0.000
2960.000,0.000
2980.000,0.000
3000.000,0.000
3020.000,0.000
3040.000,0.000
3060.000,0.000
3080.000,0.000
3100.000,0.000
3120.000,0.000
3140.000,0.000
3160.000,0.000
3180.000,0.000
3200.000,0.000
3220.000,0.000
3240.000,0.000
3260.000,0.000
3280.000,0.000
3300.000,0.000
3320.000,0.000
3340.000,0.000
3360.000,0.000
3380.000,0.000
3400.000,0.000
3420.000,0.000
3440.000,0.000
3460.000,0.000
3480.000,0.000
3500.000,0.000
3520.000,0.000
3540.000,0.000
3560.000,0.000
3580.000,0.000
3600.000,0.000
3620.000,0.000
3640.000,0.000
3660.000,0.000
3680.000,0.000
3700.000,0.000
3720.000,0.000
3740.000,0.000
3760.000,0.000
3780.000,0.000
3800.000,0.000
3820.000,0.000
3840.000,0.000
3860.000,0.000
3880.000,0.000
3900.000,0.000
3920.000,0.000
3940.000,0.000
3960.000,0.000
3980.000,0.000
4000.000,0.000
4020.000,0.000
4040.000,0.000
4060.000,0.000
4080.000,0.000
4100.000,0.000
4120.000,0.000
4140.000,0.000
4160.000,0.000
4180.000,0.000
